0.03995800018310547
0.000537872314453125
0.0005514621734619141
0.0006108283996582031
0.0005130767822265625
0.0005078315734863281
0.0007932186126708984
0.0005199909210205078
0.000614166259765625
0.0006299018859863281
0.0006232261657714844
0.0007445812225341797
0.0005707740783691406
0.0005815029144287109
0.0005552768707275391
0.0006241798400878906
0.0012340545654296875
0.0009627342224121094
0.0002818107604980469
0.0003094673156738281
0.0002543926239013672
0.0002536773681640625
0.0002930164337158203
0.00016927719116210938
9.846687316894531e-5
0.00023555755615234375
9.751319885253906e-5
0.0002455711364746094
0.0001583099365234375
0.00012874603271484375
0.00027751922607421875
0.0002713203430175781
0.00026607513427734375
0.0002663135528564453
0.0002586841583251953
0.00026988983154296875
0.00028014183044433594
0.0002694129943847656
0.00026535987854003906
0.0002574920654296875
0.00025534629821777344
0.0002543926239013672
0.0002567768096923828
0.0001423358917236328
0.0003325939178466797
0.0002579689025878906
0.0002586841583251953
0.0002357959747314453
0.00010442733764648438
0.00023674964904785156
0.0002551078796386719
0.0002715587615966797
0.00039124488830566406
0.00025725364685058594
0.0002589225769042969
0.00025463104248046875
0.00021314620971679688
0.0002560615539550781
0.00015926361083984375
7.796287536621094e-5
0.00026988983154296875
0.00025010108947753906
0.000263214111328125
0.0002295970916748047
0.0003230571746826172
0.00034499168395996094
0.0003273487091064453
0.0002562999725341797
0.00025773048400878906
0.00014662742614746094
0.0003542900085449219
0.00023412704467773438
0.0002994537353515625
0.00038933753967285156
0.00038909912109375
0.00035190582275390625
0.0007162094116210938
0.00038361549377441406
0.0001690387725830078
0.0002701282501220703
0.0002567768096923828
0.0002868175506591797
0.00010704994201660156
0.00028705596923828125
0.0001647472381591797
