8080
1 ?- 0.0004870891571044922
7.200241088867188e-5
0.0003075599670410156
0.0006310939788818359
0.00035190582275390625
0.0005021095275878906
0.0003712177276611328
0.0004723072052001953
0.0003771781921386719
0.0006763935089111328
0.00044918060302734375
0.0001811981201171875
0.0007929801940917969
0.0008680820465087891
0.00021839141845703125
0.0002052783966064453
0.000392913818359375
0.0003695487976074219
0.0003669261932373047
0.00074005126953125
0.00039076805114746094
0.0003504753112792969
0.00042366981506347656
0.0003769397735595703
0.0005252361297607422
0.0007767677307128906
0.0007991790771484375
0.0006134510040283203
0.0008990764617919922
0.0009610652923583984
0.0006594657897949219
0.0007050037384033203
0.0009205341339111328
0.0008592605590820312
0.0006222724914550781
0.00083160400390625
0.0006849765777587891
0.0007545948028564453
0.0009462833404541016
0.00022459030151367188
0.0010287761688232422
0.000209808349609375
0.0007092952728271484
0.000823974609375
0.0007219314575195312
0.000946044921875
0.0009946823120117188
0.0009648799896240234
0.0006747245788574219
0.0011701583862304688
0.0008165836334228516
0.0013623237609863281
0.0007584095001220703
0.0007550716400146484
0.0008282661437988281
0.0013320446014404297
0.0007052421569824219
0.0007607936859130859
0.0008006095886230469
0.001402139663696289
0.0019240379333496094
0.002371072769165039
0.0015828609466552734
0.0015769004821777344
0.0017147064208984375
0.002134084701538086
0.0018515586853027344
0.0013873577117919922
0.0011904239654541016
0.0016450881958007812
0.0013010501861572266
0.001683950424194336
0.0012710094451904297
0.0014393329620361328
0.0013284683227539062
0.0016093254089355469
0.0016956329345703125
0.001260519027709961
0.0022249221801757812
0.0013718605041503906
0.0018551349639892578
0.0015072822570800781
0.001234292984008789
0.0023653507232666016
0.0013232231140136719
0.0017435550689697266
0.002402782440185547
0.0016257762908935547
0.0013248920440673828
0.0020394325256347656
0.0013158321380615234
0.0018506050109863281
0.0017118453979492188
0.0013210773468017578
0.0014963150024414062
0.001726388931274414
0.0014789104461669922
0.001369476318359375
0.0019140243530273438
0.0013375282287597656
0.0013604164123535156
0.0019092559814453125
0.0015904903411865234
0.00168609619140625
0.0015139579772949219
0.0015096664428710938
0.002496957778930664
0.0014026165008544922
0.00043702125549316406
0.0006966590881347656
0.0014536380767822266
0.0022940635681152344
0.0015196800231933594
0.0029506683349609375
0.001585245132446289
0.0026650428771972656
0.002196073532104492
0.0017085075378417969
0.0024039745330810547
0.0016093254089355469
0.0028989315032958984
0.0016391277313232422
0.001890420913696289
0.00048232078552246094
0.0019812583923339844
0.0023956298828125
0.005170583724975586
0.0007066726684570312
0.0014023780822753906
0.0007388591766357422
0.004759550094604492
0.0032494068145751953
0.0024459362030029297
0.0021796226501464844
0.0006902217864990234
0.0009288787841796875
0.004580497741699219
0.0070345401763916016
0.007426738739013672
0.0014154911041259766
0.005892515182495117
0.0014903545379638672
0.005915403366088867
0.005152702331542969
0.01295614242553711
0.004392147064208984
0.009633779525756836
0.004123687744140625
0.016058683395385742
0.016406536102294922
0.01622152328491211
0.007228374481201172
0.010785579681396484
0.0064809322357177734
0.006763935089111328
0.0062007904052734375
0.015302896499633789
0.0070018768310546875
0.010419607162475586
0.006811857223510742
0.015218496322631836
0.0073626041412353516
0.010736703872680664
0.006653785705566406
0.028661489486694336
0.0323183536529541
0.04793906211853027
0.01127767562866211
0.03806757926940918
0.022385597229003906
0.0352330207824707
0.01491856575012207
0.03300976753234863
0.014176368713378906
0.020830154418945312
0.010169267654418945
0.03564810752868652
0.01546478271484375
0.0811460018157959
0.0707237720489502
0.07649064064025879
0.031110286712646484
0.08795785903930664
0.027425289154052734
0.0557713508605957
0.027449369430541992
0.057084083557128906
0.02938103675842285
0.06080317497253418
0.02862548828125
0.06763720512390137
0.04816031455993652
