0.04589676856994629
0.0006589889526367188
0.0005016326904296875
0.0005435943603515625
0.000507354736328125
0.0004987716674804688
0.000514984130859375
0.0005583763122558594
0.0006480216979980469
0.0005817413330078125
0.0004780292510986328
0.0005443096160888672
0.0005748271942138672
0.0008454322814941406
0.00037384033203125
0.00115203857421875
0.0009255409240722656
0.0008411407470703125
0.0008382797241210938
0.0003445148468017578
0.00023221969604492188
0.0006113052368164062
0.00028514862060546875
0.0006866455078125
0.0005598068237304688
0.0003192424774169922
0.0005164146423339844
0.0002548694610595703
0.0004546642303466797
0.0009372234344482422
0.0009341239929199219
0.0009448528289794922
0.0009298324584960938
0.0011990070343017578
0.0009019374847412109
0.0021331310272216797
0.0014317035675048828
0.0008087158203125
0.0006289482116699219
0.001561880111694336
0.0012106895446777344
0.001255035400390625
0.0012927055358886719
0.0016796588897705078
0.0009405612945556641
0.0027725696563720703
0.001096963882446289
0.0029184818267822266
0.0019822120666503906
0.0015876293182373047
0.0011568069458007812
0.0020971298217773438
0.0021104812622070312
0.0027930736541748047
0.006226301193237305
0.0077664852142333984
0.0032901763916015625
0.0043256282806396484
0.005112171173095703
0.009774446487426758
0.0038335323333740234
0.005658626556396484
0.00872945785522461
0.01213836669921875
0.03272581100463867
0.05336427688598633
0.011687278747558594
0.010248184204101562
0.019582271575927734
0.029542207717895508
0.008772611618041992
0.008716583251953125
0.02038431167602539
0.02910470962524414
0.018556833267211914
0.016262292861938477
0.019847631454467773
0.027240276336669922
0.022936344146728516
0.014867067337036133
0.010236501693725586
0.030564546585083008
0.015729427337646484
0.037911176681518555
0.11300039291381836
1.2466843128204346
0.07499456405639648
|
